_viz_0 = nengo_gui.components.HTMLView(body.environment)
_viz_config[_viz_0].label_visible = True
_viz_config[_viz_0].width = 0.12135922330097088
_viz_config[_viz_0].height = 0.1592356687898089
_viz_config[_viz_0].y = 0.18821344765844622
_viz_config[_viz_0].x = 0.6663264102667089
_viz_1 = nengo_gui.components.Value(whisker)
_viz_config[_viz_1].max_value = 1
_viz_config[_viz_1].min_value = 0
_viz_config[_viz_1].legend_labels = [u'label_0', u'label_1', u'label_2']
_viz_config[_viz_1].height = 0.1592356687898089
_viz_config[_viz_1].label_visible = True
_viz_config[_viz_1].width = 0.12135922330097088
_viz_config[_viz_1].show_legend = False
_viz_config[_viz_1].y = 0.6610088986456808
_viz_config[_viz_1].x = 0.7660617691373871
_viz_2 = nengo_gui.components.HTMLView(body.nodes[3])
_viz_config[_viz_2].label_visible = True
_viz_config[_viz_2].width = 0.14016990522736483
_viz_config[_viz_2].height = 0.06130573248407643
_viz_config[_viz_2].y = 0.12089121601420569
_viz_config[_viz_2].x = 0.19693229599701326
_viz_ace_editor = nengo_gui.components.AceEditor()
_viz_net_graph = nengo_gui.components.NetGraph()
_viz_sim_control = nengo_gui.components.SimControl()
_viz_config[_viz_sim_control].kept_time = 4.0
_viz_config[_viz_sim_control].shown_time = 0.5
_viz_config[body].pos=(0.38886189019904116, 0.3292906629897681)
_viz_config[body].size=(0.12548542763422993, 0.19235668789808916)
_viz_config[body].expanded=True
_viz_config[body].has_layout=True
_viz_config[body.environment].pos=(0.5, 0.38596491228070173)
_viz_config[body.environment].size=(0.3076923076923077, 0.07017543859649122)
_viz_config[body.movement].pos=(0.5, 0.8421052631578947)
_viz_config[body.movement].size=(0.3076923076923077, 0.07017543859649122)
_viz_config[body.nodes[3]].pos=(0.5, 0.15789473684210525)
_viz_config[body.nodes[3]].size=(0.3076923076923077, 0.07017543859649122)
_viz_config[body.whisker].pos=(0.5, 0.6140350877192982)
_viz_config[body.whisker].size=(0.3076923076923077, 0.07017543859649122)
_viz_config[model].pos=(0.0024271844660194173, 0.03184713375796178)
_viz_config[model].size=(1, 1)
_viz_config[model].expanded=True
_viz_config[model].has_layout=True
_viz_config[whisker].pos=(0.37613987941982846, 0.6985497133447351)
_viz_config[whisker].size=(0.1, 0.1)