_viz_0 = nengo_gui.components.HTMLView(body.environment)
_viz_config[_viz_0].label_visible = True
_viz_config[_viz_0].width = 0.12135922330097088
_viz_config[_viz_0].height = 0.1592356687898089
_viz_config[_viz_0].y = 0.21809699407755062
_viz_config[_viz_0].x = 0.3067898929549409
_viz_1 = nengo_gui.components.HTMLView(body.nodes[3])
_viz_config[_viz_1].label_visible = True
_viz_config[_viz_1].width = 0.12135922330097088
_viz_config[_viz_1].height = 0.1592356687898089
_viz_config[_viz_1].y = 0.5690803441725328
_viz_config[_viz_1].x = 0.40994523276076483
_viz_3 = nengo_gui.components.XYValue(target)
_viz_config[_viz_3].index_x = 0
_viz_config[_viz_3].index_y = 1
_viz_config[_viz_3].max_value = 1
_viz_config[_viz_3].min_value = -1
_viz_config[_viz_3].height = 0.1592356687898089
_viz_config[_viz_3].label_visible = True
_viz_config[_viz_3].width = 0.12135922330097088
_viz_config[_viz_3].y = 0.8382267018614009
_viz_config[_viz_3].x = 0.3757029846394587
_viz_ace_editor = nengo_gui.components.AceEditor()
_viz_net_graph = nengo_gui.components.NetGraph()
_viz_sim_control = nengo_gui.components.SimControl()
_viz_config[_viz_sim_control].kept_time = 4.0
_viz_config[_viz_sim_control].shown_time = 0.5
_viz_config[body].pos=(0.7064455231930955, 0.356687898089172)
_viz_config[body].size=(0.22222222222222224, 0.4)
_viz_config[body].expanded=True
_viz_config[body].has_layout=True
_viz_config[body.environment].pos=(0.5, 0.3142857142857143)
_viz_config[body.environment].size=(0.3076923076923077, 0.057142857142857134)
_viz_config[body.movement].pos=(0.5, 0.12857142857142856)
_viz_config[body.movement].size=(0.3076923076923077, 0.05714285714285715)
_viz_config[body.nodes[3]].pos=(0.5, 0.5)
_viz_config[body.nodes[3]].size=(0.3076923076923077, 0.05714285714285716)
_viz_config[body.target].pos=(0.5, 0.6857142857142857)
_viz_config[body.target].size=(0.3076923076923077, 0.05714285714285716)
_viz_config[body.whisker].pos=(0.5, 0.8714285714285714)
_viz_config[body.whisker].size=(0.3076923076923077, 0.05714285714285716)
_viz_config[model].pos=(0, 0)
_viz_config[model].size=(1.0, 1.0)
_viz_config[model].expanded=True
_viz_config[model].has_layout=True
_viz_config[target].pos=(0.29904537046899815, 0.07934988361643147)
_viz_config[target].size=(0.1, 0.1)
_viz_config[whisker].pos=(0.8333333333333334, 0.5)
_viz_config[whisker].size=(0.11111111111111112, 0.1)